0000000000000000000000000000000000000000
0000000000000000000000000000000000000000
0000000000000000000000000000000000000000
0000000000000000000000000000000000000000
0000000000000000000000000000000000000000
0000011111111111111111111111111111111000
0000110000000000000000000000000000011000
0001100000000000000000000000000000001100
0001100000000000000000000000000000001110
0011000000000000000000000000000000000110
0011000000000000000000000000000000000110
0011000000000000000000000000000000000110
0001100000000000000000000000000000001100
0000110000000000000000000000000000001100
0000011111111111111111111111111111111000
0000000000000000000000000000000000110000
0000000000000000000000000000000000000000
0000000000000000000000000000000000000000
0000000000000000000000000000000000000000
0000000000000000000000000000000000000000
